
Abuyen(C)
Blitz      2312    118.3    3130     679     427    4236   2572 (14-Dec-2009)
Standard   2248    126.9     522     103      53     678   2442 (16-Oct-2009)
Lightning  2604    123.6    3915     932     669    5516   2746 (01-Jan-2010)

Aggravating
Blitz      1399    139.0   23101   17457    3535   44093   1589 (08-Dec-2007)
Standard   1882    336.6       1       0       0       1
Lightning  1571    140.1    2936    1824     507    5267   1890 (01-Jul-2008)

AIchess(C)
Blitz      2057    165.5    4284     776     360    5420   2237 (17-Jun-2009)
Standard   2210    165.4    1901     318     108    2327   2348 (06-Apr-2009)
Lightning  2202    184.4     336      69      37     442   2252 (24-Mar-2009)

AliceC
Blitz      1959    166.2   10166    2166     634   12966   2138 (07-Feb-2008)
Standard   2134    209.1    2355     471     148    2974   2227 (06-Oct-2008)
Lightning  1835    224.1      24     119       5     148   1856 (05-Oct-2008)

Almere(C)
Blitz      2350     67.5    1115     759     220    2094   2455 (20-Sep-2010)
Standard   2269    151.1      12       3       0      15
Lightning  2497     78.2     251     287      66     604   2631 (19-Sep-2010)

AlmondX(C)
Blitz      2451     91.8     332     137      57     526   2459 (11-Dec-2010)
Standard   2080    113.9      68      45       4     117   2023 (12-Aug-2010)
Lightning  1747    249.8       2       2       0       4

AlonzoC(C)

amyan
Blitz      2233    172.1     527     221      94     842   2419 (07-Jan-2004)
Standard   2194    192.9     179      61      34     274   2166 (14-Jan-2001)
Lightning  2292    350.0     112      41      14     167   2112 (16-Jul-2000)

Angledust(C)
Blitz      2745    132.8     109      17      52     178   2806 (27-Feb-2010)
Standard   2861    157.2      15       1      10      26   2861 (23-Feb-2010)
Lightning  2714     60.1     463     274     295    1032   3021 (28-Feb-2010)

Annoying
Blitz      1515    134.1   25677   11652    4353   41682   1767 (07-Sep-2007)
Lightning  1767    140.3    2217    1117     330    3664   2062 (05-Feb-2010)

Arandora(C)
Blitz      2265    182.4     447      41      22     510   2271 (23-Jul-2009)
Standard   2388    188.3     200       7       1     208   2375 (28-Jul-2009)
Lightning  2207    210.5      43       2       1      46

ArasanX(C)
Blitz      2271     30.3    4846    1917     833    7596   2558 (15-Jan-2010)
Standard   2427     35.7     659     458     243    1360   2464 (19-Feb-2011)
Lightning  2535     75.9     402     182      52     636   2535 (07-Mar-2011)

ARChess(C)
Blitz      2112     82.9     784      53      27     864   2172 (09-Aug-2010)
Standard   1802    350.0       2       0       0       2
Lightning  2228    114.4     125      21      11     157   2319 (16-Aug-2010)

AuraBlue(C)
Blitz      1451    150.2      58      54       6     118   1571 (19-Jan-2010)

Azkikr(C)
Blitz      2670     63.3     255      70      81     406   2743 (02-Jan-2011)
Standard   2634     71.8     152      11      25     188   2637 (08-Jan-2011)
Lightning  2778     74.8     105      18      16     139   2797 (01-Jan-2011)

babylonbot(C)
Blitz      1463    173.2     132      42      16     190   1608 (10-Sep-2008)

BabyLurking(C)
Blitz      1322     14.1   89582   65960   12924  168466   1774 (09-Mar-2010)
Standard   1894    253.3      11       3       0      14
Lightning  1603     24.8   13822    8086    2162   24070   1964 (18-Jun-2009)

BertaCCT(C)
Blitz      2230     70.9     740     101      53     894   2334 (08-Mar-2010)
Standard   2296     56.7     660     135      91     886   2419 (06-Jun-2010)
Lightning  2455    120.6     108      36      15     159   2509 (02-May-2010)

BibiCherry
Blitz      2514    143.0      51      19       6      76   2650 (16-Jan-2010)
Standard   2604    171.3      16       4       1      21
Lightning  2676    200.9       6       2       0       8

BigDaddy(C)
Blitz      2903     33.3     386      37     129     552   2987 (06-Mar-2011)
Standard   2830     52.3     205       5      19     229   2830 (07-Mar-2011)
Lightning  3089     36.3     341      31      78     450   3150 (26-Feb-2011)

BigMomma(C)
Blitz      2844     68.2     128      12      89     229   2921 (27-Dec-2010)
Standard   2723     85.3     157      10      30     197   2735 (28-Jan-2011)
Lightning  2992     70.3      79      30      46     155   3046 (16-Feb-2011)

birdcostello(C)
Blitz      2538     66.5     174       8       8     190   2547 (06-Mar-2011)
Standard   2590     68.5     131       0       5     136   2590 (06-Mar-2011)
Lightning  2760     64.6     111      17      11     139   2760 (06-Mar-2011)

bistromath(C)
Blitz      2095     27.1   20968    1639     983   23590   2194 (09-Dec-2010)
Standard   2056     28.9    6698     427     120    7245   2225 (16-Jan-2011)
Lightning  2082     34.4    1786     256     159    2201   2217 (20-Feb-2011)

BlackDemon(C)
Blitz      2636     45.1     797      74     108     979   2733 (12-Feb-2011)
Standard   2233     46.7    1218      79      86    1383   2637 (11-Jan-2011)
Lightning  2677     51.5     185      61      43     289   2910 (01-Feb-2011)

blik(C)
Blitz      2131     24.1  142993   29525   16080  188598   2393 (15-Jul-1998)
Standard   1766    118.7    1993     481     200    2674   2327 (21-Apr-1998)
Lightning  2190     33.8   26591    6167    3571   36329   2625 (08-Nov-1998)

bobbyfischer
Blitz      2229    255.3   10252    2227     745   13224   2520 (31-Jan-1998)
Standard   2337    262.4    1058     437     112    1607   2448 (17-Feb-1998)
Lightning  2697    261.8    3122    1250     752    5124   2703 (13-Jul-1998)

BotTheBaron(C)
Blitz      2393     60.3      85      65      45     195   2460 (16-Dec-2010)
Standard   2419     62.7      36      42      26     104   2500 (17-Dec-2010)

BremboCE(C)
Blitz      2100    124.5    4820     658     355    5833   2195 (28-Jan-2009)
Standard   2123    124.1    1643     292      80    2015   2282 (07-Oct-2009)
Lightning  2172    138.6     643     176      46     865   2257 (01-Jan-2009)

brutuschess
Blitz      2428    165.6       5      20       2      27
Lightning  1718    350.0       0       2       0       2

BugZH(C)
Blitz      2419    174.7    3901     572     183    4656   2455 (14-Mar-2009)
Standard   2300    161.9    3344     364     138    3846   2442 (21-Aug-2007)
Lightning  2209    173.1     779     500     120    1399   2535 (19-Jul-2007)

ButcherX
Blitz      2053    204.7    2419     178      75    2672   2122 (04-Jul-2003)
Standard   2063    200.7     175      88      29     292   2295 (11-Nov-2003)

callipygian(C)
Blitz      1728     77.6  104021   63982   14327  182330   2034 (13-Aug-2009)
Standard   1543    155.8      56     177       4     237   1505 (09-Feb-2010)
Lightning  1365    103.9     912     831     204    1947   1996 (27-Jun-2010)

CatNail(C)

cchess(C)
Blitz      2864     79.6      37       2       7      46   2892 (27-Jan-2011)
Standard   2922     72.6     203       6      34     243   2922 (24-Jan-2011)
Lightning  3084     91.2      25       1      11      37   3084 (27-Jan-2011)

ChangeIsComing(C)
Blitz      2394     71.2     700      41      30     771   2408 (07-Dec-2010)
Standard   2385     75.6     173      28      17     218   2408 (03-Jan-2011)
Lightning  2210    157.9      13       2       1      16

ChaosBunny
Blitz      2054    128.2     907      45       7     959   2155 (26-Jul-2009)
Standard   2041    138.0     301      21       2     324   2198 (12-Jul-2009)
Lightning  2044    157.6      27      82       5     114   2146 (26-Jul-2009)

ChessComputer
Blitz      2492    183.7     193     161     124     478   2747 (27-Aug-1996)
Standard   2628    298.7      34      32      24      90   2605 (13-Jun-2003)
Lightning  2743    350.0     141      90      55     286   2785 (19-Nov-2000)

ChessplayingBot(C)
Blitz      1996    249.9       3       0       0       3
Standard   2020    222.2       7       0       0       7
Lightning  2218    142.7      37      54       5      96   2229 (20-Mar-2010)

ChessPlusPlus(C)
Blitz      2084    101.7   12018    6011    1917   19946   2087 (10-Nov-2010)
Standard   2267     95.7    3728    1839     564    6131   2289 (29-Oct-2010)
Lightning  2150     96.3    2552    1228     338    4118   2190 (28-Oct-2010)

ChessSystemTalII
Blitz      2203    350.0      16       9       2      27
Standard   2107    350.0       2       2       0       4

ChessTraining(C)
Blitz      1939     86.5    1398     358     181    1937   2072 (17-Oct-2010)
Standard   2160     87.9     468      49      20     537   2220 (17-Oct-2010)
Lightning  1942     91.6     324     116      26     466   1990 (11-Jun-2010)

chirpy(C)
Blitz      2926     95.2    1254     926     622    2802   2957 (30-Dec-2010)
Standard   2814     83.0     153      76      73     302   2918 (27-Dec-2010)
Lightning  3091    193.4     188     110      44     342   2702 (12-Jul-2005)

ClockSpeed
Blitz      2844    139.3     420      39     101     560   2940 (10-Oct-2009)
Lightning  3003    139.5     329      36      51     416   3080 (22-Nov-2009)

codpiece(C)
Blitz      1759     17.2   62316   23631    6162   92109   2053 (02-Jan-2011)
Standard   1828    139.3      86      36       8     130   1841 (28-Mar-2010)
Lightning  1839     40.8     321     116      37     474   1870 (26-Feb-2011)

Compi(C)
Blitz      2657    101.2    1091     149     126    1366   2680 (24-Sep-2010)
Standard   2656    112.9     319      83      74     476   2677 (18-Jul-2010)
Lightning  2816    123.4     132      25       8     165   2816 (28-Jul-2010)

CompMachine
Blitz      2691    205.8     821    1105     723    2649   2722 (17-May-2007)
Standard   2769    238.1      98      96      92     286   2745 (30-Dec-2006)
Lightning  2800    203.7    2057    3175    1391    6623   2886 (07-Dec-2008)

Compucheck(C)
Blitz      2481     74.3    3034    4308    2214    9556   2579 (09-Jul-2006)
Standard   2524     98.7     398     488     330    1216   2599 (05-Sep-2006)
Lightning  2555    114.8    1303    1688     644    3635   2761 (22-May-2009)

crafty(C)
Blitz      2558    117.5     746     280     294    1320   2733 (12-Jan-1996)
Standard   2405    112.9     187      73      80     340   2587 (19-May-2000)
Lightning  2659    175.8     211      48      63     322   2876 (09-Jun-1999)

CrazyBeukiBot(C)
Blitz      1999    211.8     598     148      34     780   2372 (27-Dec-2003)
Standard   2235    261.5      13       8       3      24
Lightning  2111    350.0      22      57       5      84   2127 (28-Dec-2003)

Dampfwalze
Blitz      2751    157.1     376      25      80     481   2792 (16-Nov-2009)
Standard   2662    195.4       7       0       3      10
Lightning  2511    243.7      11       1       1      13

danasah
Blitz      2215    178.0     574      31      22     627   2282 (09-Feb-2007)
Standard   2200    170.1     238      15       7     260   2421 (09-Feb-2007)
Lightning  2381    219.5      79       5       3      87

DayDreamerX(C)
Blitz      2357    122.6     164      49      29     242   2378 (05-Mar-2010)
Standard   2353    134.4     172      19      16     207   2346 (19-Feb-2010)
Lightning  2451    113.5      53     157      26     236   2575 (24-Feb-2010)

DDD(C)
Lightning  1376     67.2   30529   21888    2366   54783   1664 (22-Nov-2010)

DeepJunior(C)
Blitz      2484    130.7      61       7      11      79   2456 (21-Feb-2010)
Standard   2381    198.6       4       3       2       9

DeepNightmare(C)
Blitz      2604     75.9    1104     310     284    1698   2604 (13-Feb-2011)
Standard   2498     71.0     400     113     135     648   2580 (08-Nov-2010)
Lightning  2640    110.0     111      54      37     202   2699 (21-May-2002)

DeepSjeng(C)
Blitz      2664    141.1     396      96     151     643   2827 (09-May-2009)
Standard   2763    175.6      83      12      38     133   2876 (26-Mar-2009)
Lightning  2904    138.3     334      49     104     487   3026 (29-May-2009)

DemolitionChess(C)
Blitz      2766     29.0     346     263     238     847   2874 (15-Sep-2009)
Standard   2720    151.6      30      24      40      94   2742 (17-Feb-2010)
Lightning  2783     89.6     126      80      52     258   3021 (07-Feb-2010)

DeuteriumCCT(C)
Blitz      2296    118.5      53       4       4      61
Standard   2297    192.9       4       3       2       9

diep
Blitz      2231    306.4    5370     752     401    6523   2509 (26-Jun-2000)
Standard   2325    229.8    1387     959     594    2940   2542 (18-Nov-2002)
Lightning  2352    311.5    1208     137     151    1496   2518 (05-Dec-2003)

DirtyChess(C)
Blitz      2159    126.6     248      34      23     305   2251 (18-Feb-2010)
Standard   2248    135.3     196      12       6     214   2276 (20-Feb-2010)
Lightning  2281    139.4      28       8       0      36

donkeyfactory(C)
Blitz      2318     29.9   21501    2695    1183   25379   2476 (29-Dec-2009)
Standard   2026    221.9      50       3       2      55   2022 (18-Oct-2008)
Lightning  2724     59.2    3514     467     144    4125   2754 (27-Feb-2011)

DoodleBugs
Blitz      2270    146.6    2201      57      32    2290   2357 (01-Nov-2009)
Standard   2398    180.8      24      17       5      46
Lightning  2332    168.5      19      15       6      40   2313 (26-Oct-2009)

DSJeng(C)
Blitz      2616     48.8      48      36      58     142   2765 (04-Nov-2010)
Standard   2553    140.9       7       1       1       9
Lightning  2803    294.1       3       1       1       5

EJD(C)
Blitz      2803    100.1    2185     260     728    3173   2965 (19-Sep-2009)
Standard   2742    151.4     558      72     237     867   2886 (31-Jul-2007)
Lightning  3038    193.9     102       5      20     127   3156 (04-Oct-2008)

ElMejor(C)
Blitz      2812     42.2     565     174     335    1074   2973 (10-Sep-2009)
Standard   2842    135.9      22       1      12      35
Lightning  3020     55.9     398      99     159     656   3237 (21-May-2009)

EvilSilicon
Blitz      2689    350.0     245     116     170     531   2726 (12-Oct-2001)
Standard   2589    350.0     107      45      92     244   2577 (22-Jun-2000)
Lightning  2858    350.0     292     136     191     619   2759 (28-Apr-2000)

Exasperating
Blitz      1326    130.6    2301    1979     290    4570   1402 (28-Aug-2009)
Standard   1473    186.1      10       6       0      16
Lightning  1485    141.5     374     311      64     749   1649 (28-Aug-2009)

exeComp(C)
Blitz      2509     88.1    1187      41      52    1280   2622 (14-Apr-2010)
Standard   2509     86.4     922      31      36     989   2622 (24-Apr-2010)
Lightning  2764     96.8     416      41      21     478   2775 (11-Dec-2010)

Faile
Blitz      2344    218.9     229      73      29     331   2048 (11-Sep-2000)
Standard   1978    147.0      53      10       5      68   2013 (28-Apr-2010)
Lightning  2098    350.0       7       1       0       8

fiascoengine

FirstCore(C)
Blitz      2502    104.0     252      48      25     325   2565 (30-May-2010)
Standard   2567    101.3     337      85      63     485   2673 (25-Apr-2010)
Lightning  2579    124.4     101      49       6     156   2558 (01-Jun-2010)

fjjvh(C)
Blitz       425     69.4    5213   29385    2129   36727   1217 (26-Jul-2008)
Standard    659     84.1    4341   13513    1808   19662   1172 (24-Sep-2006)

Gaviota(C)
Blitz      2378    107.3     147     130      40     317   2419 (31-Aug-2009)
Standard   2294    147.3      24      17       9      50   2516 (13-Sep-2009)
Lightning  2476     92.7     114      68      27     209   2566 (29-Aug-2009)

GeidiPrime(C)
Blitz      2387    146.2       5       4       4      13
Standard   2359     65.4     375     842     358    1575   2478 (16-Dec-2009)
Lightning  2683    109.2      30      13      11      54   2599 (08-Jan-2010)

GlaurungC(C)
Blitz      2533     96.5     749     313     136    1198   2677 (23-Mar-2010)
Standard   2590    117.6     185      40      41     266   2637 (06-Feb-2009)
Lightning  2774     94.5     459     341      91     891   2825 (27-Oct-2010)

GnuCheese(C)
Blitz      2199     29.9    4354    2296    1089    7739   2425 (05-Sep-2010)
Standard   2316     31.9    7048    1621     788    9457   2483 (10-Sep-2010)
Lightning  2543     43.3    3696    2160     589    6445   2588 (20-Dec-2010)

GoldBarMM(C)
Blitz      2305     60.6     543     159     126     828   2454 (22-Oct-2010)
Standard   2298     85.4      73      28      14     115   2301 (16-Nov-2010)
Lightning  2124     89.9      29      10       5      44   2129 (30-Jan-2011)

GreatPumpkin(C)
Blitz      2582    284.2      27       4       7      38
Standard   2223    314.8       4       0       0       4
Lightning  2348    322.1       8       0       0       8

GriffyJr(C)
Blitz      1845     19.4  202329   54226   26528  283083   2434 (14-Nov-1995)
Standard   1801     31.0   61847   21050    9287   92184   2344 (17-Jan-1997)
Lightning  1930     22.8   32990   24762    6360   64112   2394 (12-Aug-2001)

GriffySr(C)
Blitz      1953     18.5  215855   26306   19123  261284   2617 (21-Aug-2001)
Standard   2100     27.0   66669   10563    6051   83283   2468 (12-Aug-2001)
Lightning  2084     50.1   26004    4902    3892   34798   2717 (16-Nov-2001)

HangarEighteen
Blitz      2223    148.4     412       9       3     424   2320 (23-Feb-2010)
Standard   2292    141.9     324      14       9     347   2300 (27-Mar-2010)
Lightning  2256    150.0      41      16       2      59   2342 (22-Feb-2010)

Hannibal
Blitz      2593    147.1      46       5       7      58   2593 (11-May-2010)
Standard   2549    144.4      54       5      11      70   2549 (11-May-2010)
Lightning  2614    143.3      59      16       8      83   2614 (11-May-2010)

Hephasto(C)
Blitz      2810    150.9     522      16      45     583   2845 (29-Dec-2009)
Standard   2790    153.2      36       5      58      99   2795 (26-Dec-2009)
Lightning  2973    149.0     445     111     114     670   3115 (30-Dec-2009)

HeraclesZ
Blitz      1999    165.2    1411     435     125    1971   2003 (30-Aug-2008)

Hiarcs
Blitz      2628    179.1       9       1       4      14
Standard   2491    193.6       4       1       6      11

Horsian(C)
Blitz      2545     49.5     475     113      96     684   2649 (22-Dec-2010)
Standard   2551     98.6      77       4       6      87
Lightning  2731     55.5      58      48      33     139   2852 (26-Jan-2011)

Humpers(C)
Blitz      1655     61.3    1345     878     179    2402   1722 (01-Nov-2010)
Standard   1738    165.7      17       7       4      28
Lightning  1966    135.7     221     126      29     376   1913 (07-Dec-2009)

Hutnik(C)
Blitz      2432     47.1    4014     668     436    5118   2555 (05-Oct-2010)
Standard   2495     96.3     754     103      78     935   2667 (01-Feb-2010)
Lightning  2630     51.4     422     429     202    1053   2730 (21-Jun-2009)

IBlitz
Blitz      1748    350.0       2       0       0       2

IFDThor(C)
Blitz      1642     12.3  185405  111848   21219  318472   2166 (08-Dec-2003)
Standard   1453     52.2    2027    5821     387    8235   2011 (08-Jul-2003)
Lightning  1636     37.7    6327   12171    1133   19631   2329 (07-May-2005)

IkarusX(C)
Blitz      2430    196.1      67      71      29     167   2400 (02-Feb-2002)
Standard   2435    195.0       9       7       2      18
Lightning  2470    350.0      17      17       5      39

inemuri(C)
Blitz      1362     11.5  370142  208632   54527  633301   1763 (22-Feb-2008)
Lightning  1505     25.6   21579   11336    3577   36492   1834 (30-Jan-2008)

Ingoc(C)
Blitz      2648     46.5     179      67      68     314   2728 (05-Feb-2011)
Standard   2612     61.1      40      23      27      90   2633 (09-Jan-2011)
Lightning  2809     60.3      67      31      30     128   2809 (30-Jan-2011)

interchess(C)
Blitz      2836     70.5     160      28      94     282   2859 (01-Jul-2010)
Standard   2490    220.7       3       1       1       5
Lightning  3036     97.1     168      39      80     287   3065 (27-Jun-2010)

IronSpike(C)
Blitz      2583     53.9    2966    2646    1825    7437   2712 (25-Oct-2006)
Standard   2548     72.0     580     525     472    1577   2739 (14-Nov-2006)
Lightning  2585     60.2     473     260     184     917   2770 (10-Sep-2006)

Irritating
Blitz      1804    138.9   27247    7386    4080   38713   2112 (06-Dec-2007)
Lightning  1975    140.5    2074    1033     340    3447   2180 (26-Feb-2008)

JabbaChess(C)
Blitz      2175    121.6     810      44      20     874   2144 (05-Mar-2010)
Standard   1680    227.6       1       6       1       8
Lightning  2198    145.1     107      30       1     138   2262 (03-Mar-2010)

JadeiteMech(C)
Blitz      2565     24.8    1045     488     473    2006   2649 (16-Feb-2011)
Standard   2532     46.5     497      96      87     680   2563 (14-Dec-2010)
Lightning  2742     37.7     228     186      99     513   2768 (18-Feb-2011)

javachesscomp(C)
Blitz      1647    284.5       0       2       0       2
Standard   1720    171.6      13       4       0      17
Lightning  1298    319.4       0       1       0       1

JPComp
Blitz      2358    135.7    6227    1095     456    7778   2358 (16-May-2010)
Standard   2693    182.8    2490     308     121    2919   2431 (27-Apr-2007)
Lightning  2322    187.9    2205     173      59    2437   2531 (02-May-2000)

JuniorLurking(C)
Blitz      1807     16.5   40395   12002    4050   56447   2074 (03-Jun-2010)
Standard   1955     25.6    8483    2601     765   11849   2076 (28-Oct-2010)
Lightning  1942    107.8     643     250      43     936   2223 (11-Apr-2010)

KayNineDawg(C)
Blitz      2558    178.2     105      24      15     144   2503 (03-May-2009)
Standard   2670    206.5      16       3       4      23
Lightning  2791    152.1     348     146      88     582   2840 (09-Apr-2009)

khadem
Blitz      2737    234.6     144      94      66     304   2635 (14-Jul-2007)
Standard   2910    187.3    1056     415     383    1854   2873 (21-Jun-2009)
Lightning  2364    350.0      48       5       4      57   2364 (05-Jan-2004)

Knightsmasher(C)
Blitz      2335     35.5   39216    2328     699   42243   2491 (29-Jan-2011)
Standard   2284     37.1   19886     953     202   21041   2406 (20-Jan-2009)
Lightning  2292    122.2    4950     397     268    5615   2471 (19-Aug-2009)

Koibito(C)
Blitz      2916    257.2    2176     896    1057    4129   2849 (29-Apr-2006)
Standard   2756    245.6     258     100     124     482   2751 (18-Oct-2006)
Lightning  2941    299.2     588     279     264    1131   2942 (22-Jul-2006)

Komodo
Blitz      2642    144.5      47      23      31     101   2712 (22-Feb-2010)
Standard   2627    153.9      22       4      12      38   2638 (21-Mar-2010)
Lightning  2785    170.8       5       9       2      16

ktulu
Blitz      2252    211.7       9       2       0      11
Standard   2143    186.9       4       4       5      13
Lightning  2384    270.3       2       0       0       2

kurushi(C)

LancePerkins(C)
Blitz      2706    125.2    1950      80      62    2092   2732 (19-Mar-2008)
Standard   2602    120.5    1033      74      52    1159   2618 (23-Mar-2008)
Lightning  2692    141.7     566      11       3     580   2446 (07-Mar-2009)

leaderbeans(C)
Blitz      1637    222.3     501     213      73     787   1742 (11-Jul-2008)
Lightning  1961    222.2     164     102      18     284   1980 (20-Jul-2008)

LilKikr(C)
Blitz      2454     48.2    4088     899     564    5551   2606 (02-Aug-2010)
Standard   2524     67.3    1105     122     130    1357   2630 (02-Nov-2010)
Lightning  2557     63.3    1239     520     301    2060   2756 (12-Aug-2009)

LittleThought(C)
Blitz      2161     91.8    1224      73      24    1321   2233 (10-Apr-2010)
Standard   2251    108.4     581      32       2     615   2256 (12-Apr-2010)
Lightning  2017    142.0      89      38       4     131   2069 (14-Mar-2010)

Luminance(C)
Blitz      2743     44.6     317     200     167     684   2749 (23-Feb-2011)
Standard   2699    100.3      28      18      20      66   2757 (22-Oct-2010)
Lightning  2952     38.0     286     280     169     735   2960 (02-Mar-2011)

Lurking(C)
Blitz      2417     32.6    3041    1412     843    5296   2741 (10-Dec-2009)
Standard   2509     40.8    1555     322     350    2227   2573 (08-Dec-2010)
Lightning  2595     38.0    2468    1262     534    4264   2869 (18-Mar-2010)

marquisce(C)
Blitz      1709     56.2    1956     690     157    2803   1789 (13-May-2010)
Standard   1826    140.2      22      18       2      42   1824 (20-May-2010)
Lightning  1569    146.5     111      22       5     138   1586 (02-Apr-2010)

MasterBug

MegaBot(C)
Blitz      2832    114.5    1596    1291    1105    3992   2985 (19-Feb-2010)
Standard   2735    110.3     363     158     408     929   2847 (01-Oct-2006)
Lightning  2860    128.7    1524    1337     941    3802   3109 (09-Oct-2009)

MegdanComp
Blitz      2347    131.3     272     128      74     474   2363 (14-Apr-2010)
Standard   2349    133.8      73      50      25     148   2389 (11-Apr-2010)
Lightning  2484    129.4     549     249      75     873   2556 (11-Apr-2010)

megielszmergiel(C)
Blitz      2496     47.5    1001     231     216    1448   2692 (17-Dec-2009)
Standard   2599     85.4     184      19      29     232   2601 (06-May-2010)
Lightning  2698     44.6     178     166      79     423   2792 (21-Jun-2010)

meru(C)
Blitz      2063     72.9   16674    2463    1148   20285   2576 (09-Jul-1996)
Standard   2074     78.5    1407     584     225    2216   2432 (02-Aug-2009)
Lightning  2168     66.6    3337    1292     266    4895   2673 (24-Apr-2009)

mscp(C)
Blitz      1587     12.4  783804  397733   79625  1261162   1919 (15-May-2002)

myceX(C)
Blitz      2332    204.4    2164    2641    1477    6282   2295 (30-May-2008)
Standard   2063    303.6       3       4       0       7
Lightning  2382    254.7       3       0       1       4

mycomp(C)
Blitz      2662     75.3     159      20      43     222   2777 (05-Dec-2010)
Standard   2794    111.4      51       1      12      64   2737 (15-Aug-2010)
Lightning  3045     84.6     273      27      70     370   3062 (06-Nov-2010)

MyrddinComp(C)
Blitz      2242     73.9    1575     170      80    1825   2305 (09-Dec-2010)
Standard   2091    188.4       9       2       0      11
Lightning  2162     93.8      91      90      17     198   2260 (08-Dec-2010)

nakshatra(C)

Nargothrond
Blitz      2704    120.6     309      27      36     372   2772 (25-May-2010)
Standard   2762    127.2     270       8      17     295   2793 (17-Jul-2010)
Lightning  2745    139.5      37       5       5      47   2768 (29-May-2010)

nilatac

NowX
Blitz      2272    150.1      29      21       7      57   2272 (21-Feb-2010)
Standard   2222    166.4      21       5       2      28
Lightning  2051    202.4       9       0       0       9

ntwochess(C)
Blitz      2204    137.1     150       7       5     162
Standard   1989    345.8       0       0       1       1

Obnoxious(C)
Blitz      2823    109.4    2029     803     867    3699   2898 (06-Oct-2009)
Standard   2747    148.8     519      25     100     644   2904 (21-Oct-2008)
Lightning  3041     94.3    4370    1576    1374    7320   3088 (19-Nov-2008)

oldman(C)
Blitz      2441     36.9    5359    3291    1160    9810   2452 (01-Mar-2011)
Standard   2436    116.5      59      68      34     161   2211 (28-Aug-2000)
Lightning  2530     49.2    1213    1150     424    2787   2583 (18-May-2009)

Olympus(C)

Osquip(C)
Blitz      1245    106.6     523     847     114    1484   1431 (17-Mar-2002)
Standard   1286    202.2     170      97      27     294   1514 (01-Oct-2008)
Lightning  1683     40.5   19280   17117    3313   39710   1856 (22-Feb-2006)

owlce(C)
Blitz      2307     42.5   11717    1640     735   14092   2371 (03-Nov-2010)
Standard   2387     62.6    1066     158      84    1308   2406 (01-Feb-2011)
Lightning  2482     50.8    1589     664     202    2455   2535 (07-Jul-2010)

parrot(C)
Blitz      2061     28.7   75558   30105    7823  113486   2418 (16-Jun-2006)
Standard   2308     34.7   20754    6964    1406   29124   2386 (15-Dec-2008)
Lightning  2325     34.0   64830   41249    5582  111661   2702 (13-Oct-2007)

PawnyX(C)
Blitz      2243     64.3     226     123      48     397   2335 (02-Feb-2011)
Standard   2315     68.1     168      69      28     265   2373 (08-Mar-2010)
Lightning  2461     73.4     125      79      23     227   2527 (03-Feb-2011)

Pentiumpatzer(C)
Blitz      2141    102.7      98     149      29     276   2339 (24-Jul-2004)
Standard   2157    134.6     197      38      13     248   2360 (18-Apr-2004)
Lightning  2296     78.8     632    1579     142    2353   2631 (24-Jul-2004)

plink(C)
Blitz      2085     46.6   27103    2111     691   29905   2466 (14-Jul-2008)
Standard   2302     47.6   17722    1143     467   19332   2447 (07-Oct-2006)
Lightning  2261     47.8    3961    3856    1074    8891   2622 (28-Jan-2007)

plisk(C)
Blitz      2136    112.5    3427     269     142    3838   2140 (13-Jun-2010)
Standard   2210    105.2    1732     173      39    1944   2222 (05-Aug-2009)
Lightning  2212    134.3     183      34       1     218   2215 (16-Mar-2010)

Plnik(C)
Blitz      2141     47.2    4818     491     122    5431   2355 (14-Dec-2010)
Standard   2230     52.2    3853     277      78    4208   2338 (28-Jun-2008)
Lightning  2162     49.9    1218    1057     216    2491   2468 (08-Sep-2008)

PopperX(C)
Blitz      2789     76.6     515       8      33     556   2789 (13-Jan-2011)
Standard   2677    135.6      15       0       2      17
Lightning  2912    137.2      10       2       1      13

Prolegomena(C)
Blitz      2748    103.2    1195     266     388    1849   2792 (28-Sep-2010)
Standard   2777     96.5     201     117     137     455   2785 (11-Jul-2007)
Lightning  2866     66.6    1062     181     134    1377   2943 (21-Sep-2008)

pyotrce

qgchess(C)
Blitz      1901    110.4    5887     935     327    7149   2053 (22-Jul-2010)
Standard   2059    120.7     112      20      15     147   2068 (07-Jul-2010)
Lightning  1988    112.1     802     245      42    1089   2081 (27-Mar-2010)

qxeacwzd
Blitz      2273    156.3       6      11       1      18
Standard   2355    119.2      31      61      14     106   2464 (30-Jun-2010)

Rakanishu(C)
Blitz      2678    152.0     460       3      12     475   2678 (23-Feb-2010)
Standard   2618    141.7     222      66     233     521   2814 (30-Jan-2010)
Lightning  3213    144.0     606     141     780    1527   3213 (26-Jan-2010)

resistentialism(C)
Blitz      2502     91.6      37      63      19     119   2579 (24-Dec-2010)
Standard   2413    149.7       9       8       1      18
Lightning  2651    102.1      87      48      16     151   2688 (07-Jun-2010)

Robonitemove
Blitz      1813    286.5       4       0       0       4

RoboSigma(C)
Blitz      2224     55.2     250      22      15     287   2232 (16-Feb-2011)
Standard   2327    117.3      37      11       6      54
Lightning  2271    244.2       4       0       1       5

Robowawoy
Blitz      2676    156.4     540     606     394    1540   2787 (07-Jun-2009)
Standard   2661    187.8      99     142     130     371   2695 (13-Jul-2009)
Lightning  2896    179.2     459    1020     265    1744   2824 (28-Oct-2007)

RodinFSP
Blitz      2243    187.4     144       7       1     152   2206 (09-May-2009)
Standard   2339    175.8     128       7       5     140   2272 (09-May-2009)
Lightning  2190    228.2      19       0       0      19

Rookie(C)
Blitz      2314     27.5   44898   10565    4856   60319   2536 (15-Dec-2010)
Standard   2365     23.1    1672     894     404    2970   2494 (14-Dec-2010)
Lightning  2551     41.9    9910    1303    1308   12521   2648 (03-Feb-2011)

Scomb(C)
Blitz      2043     71.2    3494     157     121    3772   2121 (24-Jul-2010)
Standard   2193     74.6    2144     125      50    2319   2247 (19-Nov-2010)
Lightning  2345     85.1     488      16      11     515   2351 (10-Dec-2010)

Scorpio
Blitz      2262    207.7       3       3       1       7
Standard   2427    200.1       7       2       0       9
Lightning  2324    295.3       1       2       2       5

searcherFICS(C)
Blitz      2452     25.2    1969     610    1101    3680   2546 (12-Feb-2011)
Standard   2403     91.9      19      11      16      46   2506 (31-Oct-2010)

SelfKiller(C)

Shredder
Blitz      2640    164.1      14       3       5      22
Standard   2606    144.3      39       9      28      76   2606 (22-Apr-2010)

SiliconC(C)
Blitz      2389     79.5   14493    1272     709   16474   2486 (26-Sep-2004)
Standard   2311    160.2     283     138      78     499   2562 (09-Oct-2004)
Lightning  2584    122.5    1449     412     131    1992   2660 (17-Oct-2004)

Sillycon(C)
Blitz      2043     28.2   14460    3242     779   18481   2210 (20-Nov-2009)
Standard   2271     29.9   13834    2020     500   16354   2345 (14-Feb-2011)
Lightning  2054     59.9     707    1914     103    2724   2187 (26-Nov-2009)

Singularity(C)
Blitz      2737     26.6   29038     410    1162   30610   2940 (09-Jul-2010)
Standard   2772     61.0     648      84     256     988   2868 (23-Nov-2010)
Lightning  2996     40.0    3789     367     807    4963   3129 (27-Nov-2010)

SjengX(C)
Blitz      2756    123.6      28       3      12      43   2641 (21-Feb-2010)
Standard   2510    123.6      16       1       7      24

Skottel(C)
Blitz      1907     48.5    3193     612     199    4004   2008 (29-May-2009)
Standard   1987     50.4    1307     245      60    1612   2113 (24-May-2009)
Lightning  2170    123.5     258     104       7     369   2111 (01-Aug-2001)

SlowBox(C)
Blitz      2031     41.1     898    1749     359    3006   2241 (25-Dec-2010)
Standard   2214     73.8     174     174      93     441   2359 (15-Apr-2010)
Lightning  2076     47.2    1517    2888     318    4723   2242 (22-Feb-2010)

SlowMachine(C)
Standard   1809     58.2     595     247      37     879   1840 (13-Mar-2010)

Snelheid(C)
Lightning  1671     14.9   51797   36736    4047   92580   1891 (14-Jun-2009)

Sordid(C)

Sorgenkind
Blitz      2164    141.4    1047      80      65    1192   2253 (29-Dec-2005)
Standard   2140    324.6      18       2       2      22
Lightning  2294    272.4     135      13       5     153   2243 (10-Dec-2005)

Spark
Blitz      2585    147.7      46       7      16      69   2601 (19-Feb-2010)
Standard   2273    194.0       4       6       6      16

SpeckEngine(C)
Blitz      1798     42.0   21602   20666    2038   44306   1823 (23-Jan-2011)
Standard   2013     29.0   21607   25065    1582   48254   2133 (04-Jan-2011)
Lightning  1839     30.3   28165   16123    2727   47015   2053 (04-Jan-2010)

Speyside(C)
Blitz      1995     29.2    5199     685     282    6166   2085 (01-Jan-2011)
Standard   2153     40.1    1408     159      59    1626   2168 (30-Jan-2011)
Lightning  1999     84.9     381     218      60     659   2136 (12-Feb-2002)

Squirrels(C)
Blitz      2220     49.1    1814     579     297    2690   2362 (21-Jul-2008)
Standard   2214    102.5     170     118      46     334   2395 (22-Sep-2008)
Lightning  2228    211.6      42      12       8      62   2190 (10-Apr-2008)

stayalive(C)

strelka(C)
Blitz      2122     68.1   11986    1107     215   13308   2345 (10-Apr-2009)
Standard   2213    154.2    1283     163      27    1473   2354 (26-Jan-2009)
Lightning  2228    139.5     661     689      83    1433   2555 (25-Jan-2008)

suj

SuperBooker(C)
Blitz      2117     99.4    1559    1244     469    3272   2446 (08-Feb-2003)
Standard   2185     47.6     979    1349     568    2896   2484 (29-Nov-2004)
Lightning  2258    350.0      72      77       5     154   2254 (31-Mar-2001)

SuperCanuck(C)
Blitz      1171    275.3    8859    8541     980   18380   2266 (24-Mar-1999)
Standard   1795    260.9    4133    3043     395    7571   2022 (25-Aug-2003)
Lightning  1575    350.0     493     437      45     975   2399 (18-Apr-2000)

SuperZerdax(C)
Blitz      1646    137.5    4439    5904     885   11228   1725 (07-Apr-2008)
Standard   1806    210.0     904    4849    1039    6792   1768 (04-Apr-2008)
Lightning  1909    202.0     759     943      57    1759   1898 (31-Dec-2008)

tentacle(C)
Blitz      2086     35.9   15255    2781     888   18924   2209 (25-Sep-2009)
Standard   2269     37.0   10794    1649     373   12816   2337 (18-May-2009)
Lightning  2331     55.6    3086    1472     266    4824   2389 (28-Jan-2011)

TestOfLogics(C)
Blitz      2099     94.4    8367    1603     523   10493   2129 (13-Sep-2010)
Standard   1948    145.8    1807     377      96    2280   2135 (09-Sep-2009)
Lightning  1750    126.9      94      30       5     129   1912 (14-Jun-2009)

TheConfusedComp(C)
Blitz      2600     70.5    1035     295     295    1625   2734 (02-Nov-2009)
Standard   2654     79.7     186      54      69     309   2704 (14-Jul-2010)
Lightning  2748     65.9    1093     781     497    2371   2911 (21-Sep-2010)

Thinker(C)
Blitz      2840     52.9     386      86     196     668   2867 (26-Jan-2011)
Standard   2895     79.2     242       6      32     280   2918 (22-Jan-2011)
Lightning  3098     56.3     353      65     181     599   3098 (04-Feb-2011)

Thukydides(C)
Blitz      2312     57.4    5411    1634     503    7548   2491 (11-Jul-2003)
Standard   2453     64.5     907     335     130    1372   2576 (22-Apr-2003)
Lightning  2219     55.1    1702    1555     303    3560   2685 (14-Jul-2003)

TimeaChess(C)
Blitz      2059     33.4    3130     593     203    3926   2241 (29-May-2008)
Standard   1954    144.8    1014      61      35    1110   2240 (01-May-2008)
Lightning  2206     78.6     233      45      13     291   2274 (26-Apr-2008)

TinkerFICS(C)
Blitz      2260     53.9    7614     871     347    8832   2273 (26-Sep-2010)
Standard   2246     72.4    2383     351     114    2848   2484 (19-Sep-2009)
Lightning  2556     81.2     284     241      79     604   2556 (13-Feb-2011)

TJchess(C)
Blitz      2282     96.1    1335     162      69    1566   2337 (17-Oct-2010)
Standard   2314    118.4     455      27       5     487   2319 (30-Jul-2010)
Lightning  2366    101.8     369     131      31     531   2382 (10-Jul-2010)

TJChessA(C)

TJchessB(C)

TogaII(C)
Blitz      2575    153.9    3038    1328    1162    5528   2681 (12-May-2009)
Standard   2571    154.4    2473     369     475    3317   2640 (13-Dec-2008)
Lightning  2725    153.9    1926    1417     766    4109   2861 (14-Aug-2009)

TogaRouter(C)
Blitz      2015     44.3    7645    3975    1407   13027   2628 (07-Dec-2009)
Standard   2273     62.0    1524    1115     447    3086   2445 (22-Mar-2009)
Lightning  2239     58.3    4566    5324    1159   11049   2479 (20-Sep-2009)

Tosco(C)
Blitz      1156     85.3     235     424      53     712   1204 (25-Apr-2008)
Standard   1371    107.5      72     286      20     378   1373 (27-Dec-2004)
Lightning  1470    129.1      93     111      16     220   1495 (27-Jun-2005)

TurboGM(C)
Blitz      2247    117.6      78      69      47     194   2415 (16-Mar-2010)
Standard   2383    140.7      35      32      21      88   2387 (24-Mar-2010)
Lightning  2552    124.7      66      75      19     160   2560 (21-Apr-2010)

TwistedLogicX(C)
Blitz      2488    134.9     939    1307     730    2976   2694 (25-Jun-2009)
Standard   2506    123.1      67     104      65     236   2525 (17-Feb-2010)
Lightning  2626    145.0     291     219      59     569   2790 (01-Jun-2009)

twoxone(C)
Blitz      2205     61.6    1018     287      77    1382   2248 (20-Dec-2010)
Standard   2216     71.3     374      39      12     425   2224 (05-Jan-2011)
Lightning  2156     73.5     216     255      24     495   2205 (01-Jan-2011)

Uniblab(C)
Blitz      2166     95.3     106     133      97     336   2505 (29-Dec-2007)
Standard   2327    150.8      42      56      46     144   2552 (10-Jan-2008)
Lightning  2452    131.4      37     143      16     196   2553 (04-Oct-2008)

VariantsMaster
Blitz      1965    307.9       1       1       1       3
Standard   2216    216.3      15       2       1      18
Lightning  2103    197.6     256      21      13     290   2177 (10-Feb-2009)

VictoriaBot(C)
Blitz      1786     44.4    3242    1999     703    5944   1856 (26-Feb-2011)
Standard   1958     22.5   43665   13269    4459   61393   2122 (08-Feb-2011)
Lightning  1821     46.9     615     264      80     959   1945 (17-Oct-2010)

Vogen(C)
Blitz      2476    155.4    1619     109      94    1822   2490 (08-Dec-2006)
Standard   2241    179.3     643      25      20     688   2516 (23-Aug-2006)
Lightning  2538    139.9     233      44      36     313   2743 (07-Aug-2007)

Webkikr(C)
Blitz      2766     50.2     596     105     214     915   2821 (15-Aug-2010)
Standard   2770     66.3     307      29      65     401   2795 (04-Feb-2011)
Lightning  2965     51.1     442     110     175     727   3093 (01-Aug-2010)

wildbird(C)

wkw
Blitz      2591    126.1     688    1342     543    2573   2783 (25-Dec-2009)
Standard   2504    149.6      53     176      39     268   2526 (30-Jan-2010)
Lightning  2762    132.5     711     712     440    1863   3019 (08-Jun-2009)

XabacUs(C)
Blitz      2092     48.8     516     282      39     837   2185 (30-Jan-2011)
Standard   2242     80.8      46      44       8      98   2282 (26-Jan-2011)
Lightning  2203     56.0     265     340      47     652   2355 (16-Mar-2010)

ynode(C)
Blitz      1838     49.4    1984     837     120    2941   1924 (17-Nov-2010)

Zawaenn(C)
Blitz      2235     38.1    7224     301     106    7631   2350 (22-Nov-2010)
Standard   2278    129.8      13       2       3      18
Lightning  2506    206.4       3       1       0       4

Zchizophrenic(C)
Blitz      2263     70.3     353      92      23     468   2436 (30-Mar-2010)
Standard   2409    122.3      92       9       8     109   2390 (26-Jun-2010)
Lightning  2414    106.4      63      41       7     111   2534 (30-Mar-2010)

zerowin(C)
Blitz      2379     22.8     929    1670    1099    3698   2502 (24-Oct-2010)
Standard   2431     29.2     203     293     135     631   2471 (04-Mar-2011)
Lightning  2452     48.3     626     617     133    1376   2552 (24-Dec-2010)
